0 0.076171875 0.4873046875 0.1513671875 0.2236328125
0 0.21875 0.5029296875 0.169921875 0.212890625
0 0.236328125 0.47265625 0.19921875 0.2373046875
0 0.333984375 0.4716796875 0.1416015625 0.2470703125
0 0.46875 0.4599609375 0.2080078125 0.2470703125
0 0.5224609375 0.46875 0.216796875 0.23046875
0 0.607421875 0.4716796875 0.203125 0.23828125
0 0.76953125 0.47265625 0.14453125 0.20703125
0 0.826171875 0.4765625 0.1962890625 0.255859375
0 0.9052734375 0.4716796875 0.1455078125 0.205078125
0 0.9716796875 0.451171875 0.056640625 0.2294921875