0 0.2763671875 0.623046875 0.1435546875 0.57421875
0 0.0498046875 0.5517578125 0.0859375 0.232421875
0 0.0966796875 0.5810546875 0.0849609375 0.2236328125
0 0.140625 0.5009765625 0.0712890625 0.208984375
0 0.1904296875 0.4365234375 0.0390625 0.0966796875
0 0.189453125 0.5966796875 0.048828125 0.23046875
0 0.390625 0.671875 0.1181640625 0.5830078125
0 0.4921875 0.57421875 0.111328125 0.498046875
0 0.6669921875 0.5517578125 0.2333984375 0.51171875
0 0.8203125 0.6201171875 0.20703125 0.552734375
0 0.5732421875 0.3740234375 0.03125 0.083984375
0 0.359375 0.4267578125 0.048828125 0.0712890625
0 0.6162109375 0.376953125 0.029296875 0.052734375
0 0.646484375 0.376953125 0.0390625 0.0576171875
0 0.9658203125 0.6474609375 0.068359375 0.474609375